34 86
26 13 15
25 5 3
23 20 4
9 6 15
34 4 9
30 9 7
21 5 14
33 29 9
32 16 3
26 11 6
29 18 2
28 13 1
34 5 6
33 13 4
31 12 10
32 3 1
27 25 3
27 3 6
24 13 12
29 13 13
8 3 11
17 8 6
20 8 9
16 1 2
25 6 3
29 28 11
27 8 12
34 3 9
6 5 2
30 8 8
12 5 6
31 2 5
25 16 13
21 11 3
20 3 3
22 12 15
21 6 13
9 4 13
17 2 14
15 4 13
30 20 10
4 1 9
9 1 11
32 31 21
22 21 9
21 13 9
24 18 2
29 24 2
27 4 2
34 7 3
31 6 14
17 12 5
29 21 18
27 5 3
34 29 10
5 3 8
6 4 3
12 8 12
8 1 10
17 6 8
31 22 6
20 17 6
26 25 19
17 9 8
21 12 8
19 8 8
25 4 5
33 2 11
31 13 2
10 2 4
12 3 10
15 14 13
20 16 4
20 1 5
33 28 3
23 3 4
19 14 5
33 25 11
23 16 2
34 6 7
11 2 4
16 3 4
3 1 5
23 9 11
5 4 4
29 1 22
1 0 0 0.75 8.25 3.01
2 0 0 22.09 20.3 9.03
3 0 0 2.61 12.66 1.27
4 0 0 6.56 15.16 1.24
5 0 0 5.97 19.5 5.9
6 0 0 6.61 17.68 8.28
7 0 0 0.19 24.17 7.28
8 0 0 10.21 4.66 9.61
9 0 0 10.1 2.78 1.87
10 1 6 25.42 18.11 8.26
11 0 0 21.89 16.09 9.76
12 0 0 11.36 16.56 8.46
13 0 0 18.56 25.85 6.2
14 0 0 21.14 1.37 3.05
15 1 1 8.68 2.39 3.1
16 0 0 3.03 8.34 6.72
17 0 0 10.94 11.11 2.89
18 0 0 8.01 28.1 6.83
19 1 8 18.27 5.13 7.56
20 0 0 4.9 11.38 9.91
21 0 0 19.2 16.71 7.16
22 0 0 25.29 23.28 3.06
23 0 0 0.96 9.46 3.41
24 0 0 6.33 28.29 8.89
25 1 2 9.44 19.66 4.56
26 0 0 27.44 13.77 3.38
27 0 0 7.4 16.84 3.36
28 1 7 17.54 26.93 4.59
29 1 3 6.58 29.93 5.59
30 1 4 2.73 1.41 1.99
31 0 0 18.82 23.76 4.8
32 0 0 1.91 11.45 9.97
33 0 0 15.87 29.13 8.75
34 1 5 0.34 21.62 7.14
