34 78
18 9 1
31 27 9
10 2 7
21 4 6
32 10 20
28 16 12
12 3 16
29 23 15
26 13 6
19 9 2
5 1 2
20 19 5
33 28 5
30 19 8
31 1 20
32 9 3
32 19 2
34 4 4
24 12 10
24 3 14
18 3 4
28 11 6
25 24 8
28 6 5
29 28 4
22 13 1
21 5 1
18 15 2
25 11 10
30 27 20
14 12 4
31 25 10
7 5 14
34 21 3
34 26 6
19 3 2
31 15 8
27 1 30
13 8 7
20 18 4
33 25 13
32 16 9
19 18 2
12 1 21
21 11 20
23 5 7
24 21 14
22 12 27
16 15 9
15 3 3
10 7 7
22 19 25
29 8 6
34 2 14
30 7 12
14 2 5
9 4 19
11 6 11
31 16 3
34 25 10
16 3 11
20 17 15
23 13 3
7 2 3
17 9 17
26 7 11
28 13 9
23 6 8
31 3 10
8 5 15
28 8 2
13 5 10
5 4 6
25 13 8
32 3 1
14 10 3
34 1 1
15 9 0
1 1 9 0.75 8.25
2 0 0 6.7 22.09
3 0 0 20.3 26.77
4 0 0 2.61 12.66
5 0 0 0.89 6.56
6 1 7 15.16 0.8
7 1 2 5.97 19.5
8 1 5 16.35 6.61
9 0 0 17.68 24.28
10 1 4 0.19 24.17
11 0 0 20.94 10.21
12 1 6 4.66 28.72
13 1 3 10.1 2.78
14 0 0 2.9 25.42
15 0 0 18.11 24.21
16 0 0 21.89 16.09
17 0 0 29.19 11.36
18 0 0 16.56 24.88
19 1 1 18.56 25.85
20 0 0 17.32 21.14
21 0 0 1.37 6.84
22 0 0 8.68 2.39
23 0 0 6.98 3.03
24 0 0 8.34 19.07
25 0 0 10.94 11.11
26 0 0 6.29 8.01
27 0 0 28.1 19.44
28 0 0 18.27 5.13
29 0 0 21.87 4.9
30 0 0 11.38 29.69
31 1 8 19.2 16.71
32 0 0 20.54 25.29
33 0 0 23.28 6.87
34 0 0 0.96 9.46
