22 35
8 7 5
7 1	3
1 11 3
1 6	6
1 9 3
11 4 2
11 10 2
10 4 3
4 2	7
4 9 4
9 6 3
9 2 3
9 15 2
6 16 4
17 15 2
16 17 3
15 2 4
2 18 4
2 5	7
5 18 5
18 3 8
5 3 4
13 7 5
14 1 4
8 13 3
19	1 7
19	8 8
19	22 24
20	10 6
21	2 2
21	22 4
22	5 10
18	7 2
18	16 5
1 2 6
1 1 1 18.5473 13.3298 5.9
2 1 2 9.8376 8.7796 3.6
3 1 3 0.0 0.0 2.2
4 1 4 16.4320 9.6511 2.2
5 1 5 3.6422 3.6626 2.0
6 1 6 10.5388 14.9979 1.8
7 0	0 19.3565 14.5820 1.0
8 0 0 24.4316 13.9807 1.0
9 0 0 13.1672 12.9424 1.0
10 0 0 17.8809 9.7734 1.0
11 0 0 17.8537 10.9887 1.0
12 0 0 19.2849 14.5293 1.0
13 0 0 24.1375 15.5105 1.0
14 0 0 18.6392 16.8466 1.0
15 0 0 10.3450 11.3629 1.0
16 0 0 8.7363 12.9326 1.0
17 0 0 8.2323 10.4249 1.0
18 0 0 5.5739 8.7310 1.0
19 0 0 25.5991	7.5949 1.0
20 0 0 21.8764	0.2113 1.0
21 0 0 11.0820	6.3521 1.0
22 0 0 13.8655	1.4506 1.0
